/*--------------------------------*- C++ -*----------------------------------*\
  =========                 |
  \\      /  F ield         | OpenFOAM: The Open Source CFD Toolbox
   \\    /   O peration     | Website:  https://openfoam.org
    \\  /    A nd           | Version:  8
     \\/     M anipulation  |
\*---------------------------------------------------------------------------*/
FoamFile
{
    version     2.0;
    format      ascii;
    class       cellSet;
    location    "constant/polyMesh/sets";
    object      refineCells3;
}
// * * * * * * * * * * * * * * * * * * * * * * * * * * * * * * * * * * * * * //


3200
(
2500 
2501 
2502 
2503 
2504 
2505 
2506 
2507 
2508 
2509 
2510 
2511 
2512 
2513 
2514 
2515 
2516 
2517 
2518 
2519 
2520 
2521 
2522 
2523 
2524 
2525 
2526 
2527 
2528 
2529 
2530 
2531 
2532 
2533 
2534 
2535 
2536 
2537 
2538 
2539 
2540 
2541 
2542 
2543 
2544 
2545 
2546 
2547 
2548 
2549 
2550 
2551 
2552 
2553 
2554 
2555 
2556 
2557 
2558 
2559 
2560 
2561 
2562 
2563 
2564 
2565 
2566 
2567 
2568 
2569 
2570 
2571 
2572 
2573 
2574 
2575 
2576 
2577 
2578 
2579 
2580 
2581 
2582 
2583 
2584 
2585 
2586 
2587 
2588 
2589 
2590 
2591 
2592 
2593 
2594 
2595 
2596 
2597 
2598 
2599 
2600 
2601 
2602 
2603 
2604 
2605 
2606 
2607 
2608 
2609 
2610 
2611 
2612 
2613 
2614 
2615 
2616 
2617 
2618 
2619 
2620 
2621 
2622 
2623 
2624 
2625 
2626 
2627 
2628 
2629 
2630 
2631 
2632 
2633 
2634 
2635 
2636 
2637 
2638 
2639 
2640 
2641 
2642 
2643 
2644 
2645 
2646 
2647 
2648 
2649 
2650 
2651 
2652 
2653 
2654 
2655 
2656 
2657 
2658 
2659 
2660 
2661 
2662 
2663 
2664 
2665 
2666 
2667 
2668 
2669 
2670 
2671 
2672 
2673 
2674 
2675 
2676 
2677 
2678 
2679 
2680 
2681 
2682 
2683 
2684 
2685 
2686 
2687 
2688 
2689 
2690 
2691 
2692 
2693 
2694 
2695 
2696 
2697 
2698 
2699 
5600 
5601 
5602 
5603 
5604 
5605 
5606 
5607 
5608 
5609 
5610 
5611 
5612 
5613 
5614 
5615 
5616 
5617 
5618 
5619 
5620 
5621 
5622 
5623 
5624 
5625 
5626 
5627 
5628 
5629 
5630 
5631 
5632 
5633 
5634 
5635 
5636 
5637 
5638 
5639 
5640 
5641 
5642 
5643 
5644 
5645 
5646 
5647 
5648 
5649 
5650 
5651 
5652 
5653 
5654 
5655 
5656 
5657 
5658 
5659 
5660 
5661 
5662 
5663 
5664 
5665 
5666 
5667 
5668 
5669 
5670 
5671 
5672 
5673 
5674 
5675 
5676 
5677 
5678 
5679 
5680 
5681 
5682 
5683 
5684 
5685 
5686 
5687 
5688 
5689 
5690 
5691 
5692 
5693 
5694 
5695 
5696 
5697 
5698 
5699 
5700 
5701 
5702 
5703 
5704 
5705 
5706 
5707 
5708 
5709 
5710 
5711 
5712 
5713 
5714 
5715 
5716 
5717 
5718 
5719 
5720 
5721 
5722 
5723 
5724 
5725 
5726 
5727 
5728 
5729 
5730 
5731 
5732 
5733 
5734 
5735 
5736 
5737 
5738 
5739 
5740 
5741 
5742 
5743 
5744 
5745 
5746 
5747 
5748 
5749 
5750 
5751 
5752 
5753 
5754 
5755 
5756 
5757 
5758 
5759 
5760 
5761 
5762 
5763 
5764 
5765 
5766 
5767 
5768 
5769 
5770 
5771 
5772 
5773 
5774 
5775 
5776 
5777 
5778 
5779 
5780 
5781 
5782 
5783 
5784 
5785 
5786 
5787 
5788 
5789 
5790 
5791 
5792 
5793 
5794 
5795 
5796 
5797 
5798 
5799 
6600 
6601 
6602 
6603 
6604 
6605 
6606 
6607 
6608 
6609 
6610 
6611 
6612 
6613 
6614 
6615 
6616 
6617 
6618 
6619 
6620 
6621 
6622 
6623 
6624 
6625 
6626 
6627 
6628 
6629 
6630 
6631 
6632 
6633 
6634 
6635 
6636 
6637 
6638 
6639 
6640 
6641 
6642 
6643 
6644 
6645 
6646 
6647 
6648 
6649 
6650 
6651 
6652 
6653 
6654 
6655 
6656 
6657 
6658 
6659 
6660 
6661 
6662 
6663 
6664 
6665 
6666 
6667 
6668 
6669 
6670 
6671 
6672 
6673 
6674 
6675 
6676 
6677 
6678 
6679 
6680 
6681 
6682 
6683 
6684 
6685 
6686 
6687 
6688 
6689 
6690 
6691 
6692 
6693 
6694 
6695 
6696 
6697 
6698 
6699 
6700 
6701 
6702 
6703 
6704 
6705 
6706 
6707 
6708 
6709 
6710 
6711 
6712 
6713 
6714 
6715 
6716 
6717 
6718 
6719 
6720 
6721 
6722 
6723 
6724 
6725 
6726 
6727 
6728 
6729 
6730 
6731 
6732 
6733 
6734 
6735 
6736 
6737 
6738 
6739 
6740 
6741 
6742 
6743 
6744 
6745 
6746 
6747 
6748 
6749 
6750 
6751 
6752 
6753 
6754 
6755 
6756 
6757 
6758 
6759 
6760 
6761 
6762 
6763 
6764 
6765 
6766 
6767 
6768 
6769 
6770 
6771 
6772 
6773 
6774 
6775 
6776 
6777 
6778 
6779 
6780 
6781 
6782 
6783 
6784 
6785 
6786 
6787 
6788 
6789 
6790 
6791 
6792 
6793 
6794 
6795 
6796 
6797 
6798 
6799 
7600 
7601 
7602 
7603 
7604 
7605 
7606 
7607 
7608 
7609 
7610 
7611 
7612 
7613 
7614 
7615 
7616 
7617 
7618 
7619 
7620 
7621 
7622 
7623 
7624 
7625 
7626 
7627 
7628 
7629 
7630 
7631 
7632 
7633 
7634 
7635 
7636 
7637 
7638 
7639 
7640 
7641 
7642 
7643 
7644 
7645 
7646 
7647 
7648 
7649 
7650 
7651 
7652 
7653 
7654 
7655 
7656 
7657 
7658 
7659 
7660 
7661 
7662 
7663 
7664 
7665 
7666 
7667 
7668 
7669 
7670 
7671 
7672 
7673 
7674 
7675 
7676 
7677 
7678 
7679 
7680 
7681 
7682 
7683 
7684 
7685 
7686 
7687 
7688 
7689 
7690 
7691 
7692 
7693 
7694 
7695 
7696 
7697 
7698 
7699 
7700 
7701 
7702 
7703 
7704 
7705 
7706 
7707 
7708 
7709 
7710 
7711 
7712 
7713 
7714 
7715 
7716 
7717 
7718 
7719 
7720 
7721 
7722 
7723 
7724 
7725 
7726 
7727 
7728 
7729 
7730 
7731 
7732 
7733 
7734 
7735 
7736 
7737 
7738 
7739 
7740 
7741 
7742 
7743 
7744 
7745 
7746 
7747 
7748 
7749 
7750 
7751 
7752 
7753 
7754 
7755 
7756 
7757 
7758 
7759 
7760 
7761 
7762 
7763 
7764 
7765 
7766 
7767 
7768 
7769 
7770 
7771 
7772 
7773 
7774 
7775 
7776 
7777 
7778 
7779 
7780 
7781 
7782 
7783 
7784 
7785 
7786 
7787 
7788 
7789 
7790 
7791 
7792 
7793 
7794 
7795 
7796 
7797 
7798 
7799 
8300 
8301 
8302 
8303 
8304 
8305 
8306 
8307 
8308 
8309 
8310 
8311 
8312 
8313 
8314 
8315 
8316 
8317 
8318 
8319 
8320 
8321 
8322 
8323 
8324 
8325 
8326 
8327 
8328 
8329 
8330 
8331 
8332 
8333 
8334 
8335 
8336 
8337 
8338 
8339 
8340 
8341 
8342 
8343 
8344 
8345 
8346 
8347 
8348 
8349 
8350 
8351 
8352 
8353 
8354 
8355 
8356 
8357 
8358 
8359 
8360 
8361 
8362 
8363 
8364 
8365 
8366 
8367 
8368 
8369 
8370 
8371 
8372 
8373 
8374 
8375 
8376 
8377 
8378 
8379 
8380 
8381 
8382 
8383 
8384 
8385 
8386 
8387 
8388 
8389 
8390 
8391 
8392 
8393 
8394 
8395 
8396 
8397 
8398 
8399 
8400 
8401 
8402 
8403 
8404 
8405 
8406 
8407 
8408 
8409 
8410 
8411 
8412 
8413 
8414 
8415 
8416 
8417 
8418 
8419 
8420 
8421 
8422 
8423 
8424 
8425 
8426 
8427 
8428 
8429 
8430 
8431 
8432 
8433 
8434 
8435 
8436 
8437 
8438 
8439 
8440 
8441 
8442 
8443 
8444 
8445 
8446 
8447 
8448 
8449 
8450 
8451 
8452 
8453 
8454 
8455 
8456 
8457 
8458 
8459 
8460 
8461 
8462 
8463 
8464 
8465 
8466 
8467 
8468 
8469 
8470 
8471 
8472 
8473 
8474 
8475 
8476 
8477 
8478 
8479 
8480 
8481 
8482 
8483 
8484 
8485 
8486 
8487 
8488 
8489 
8490 
8491 
8492 
8493 
8494 
8495 
8496 
8497 
8498 
8499 
8800 
8801 
8802 
8803 
8804 
8805 
8806 
8807 
8808 
8809 
8810 
8811 
8812 
8813 
8814 
8815 
8816 
8817 
8818 
8819 
8820 
8821 
8822 
8823 
8824 
8825 
8826 
8827 
8828 
8829 
8830 
8831 
8832 
8833 
8834 
8835 
8836 
8837 
8838 
8839 
8840 
8841 
8842 
8843 
8844 
8845 
8846 
8847 
8848 
8849 
8850 
8851 
8852 
8853 
8854 
8855 
8856 
8857 
8858 
8859 
8860 
8861 
8862 
8863 
8864 
8865 
8866 
8867 
8868 
8869 
8870 
8871 
8872 
8873 
8874 
8875 
8876 
8877 
8878 
8879 
8880 
8881 
8882 
8883 
8884 
8885 
8886 
8887 
8888 
8889 
8890 
8891 
8892 
8893 
8894 
8895 
8896 
8897 
8898 
8899 
8900 
8901 
8902 
8903 
8904 
8905 
8906 
8907 
8908 
8909 
8910 
8911 
8912 
8913 
8914 
8915 
8916 
8917 
8918 
8919 
8920 
8921 
8922 
8923 
8924 
8925 
8926 
8927 
8928 
8929 
8930 
8931 
8932 
8933 
8934 
8935 
8936 
8937 
8938 
8939 
8940 
8941 
8942 
8943 
8944 
8945 
8946 
8947 
8948 
8949 
8950 
8951 
8952 
8953 
8954 
8955 
8956 
8957 
8958 
8959 
8960 
8961 
8962 
8963 
8964 
8965 
8966 
8967 
8968 
8969 
8970 
8971 
8972 
8973 
8974 
8975 
8976 
8977 
8978 
8979 
8980 
8981 
8982 
8983 
8984 
8985 
8986 
8987 
8988 
8989 
8990 
8991 
8992 
8993 
8994 
8995 
8996 
8997 
8998 
8999 
9400 
9401 
9402 
9403 
9404 
9405 
9406 
9407 
9408 
9409 
9410 
9411 
9412 
9413 
9414 
9415 
9416 
9417 
9418 
9419 
9420 
9421 
9422 
9423 
9424 
9425 
9426 
9427 
9428 
9429 
9430 
9431 
9432 
9433 
9434 
9435 
9436 
9437 
9438 
9439 
9440 
9441 
9442 
9443 
9444 
9445 
9446 
9447 
9448 
9449 
9450 
9451 
9452 
9453 
9454 
9455 
9456 
9457 
9458 
9459 
9460 
9461 
9462 
9463 
9464 
9465 
9466 
9467 
9468 
9469 
9470 
9471 
9472 
9473 
9474 
9475 
9476 
9477 
9478 
9479 
9480 
9481 
9482 
9483 
9484 
9485 
9486 
9487 
9488 
9489 
9490 
9491 
9492 
9493 
9494 
9495 
9496 
9497 
9498 
9499 
9500 
9501 
9502 
9503 
9504 
9505 
9506 
9507 
9508 
9509 
9510 
9511 
9512 
9513 
9514 
9515 
9516 
9517 
9518 
9519 
9520 
9521 
9522 
9523 
9524 
9525 
9526 
9527 
9528 
9529 
9530 
9531 
9532 
9533 
9534 
9535 
9536 
9537 
9538 
9539 
9540 
9541 
9542 
9543 
9544 
9545 
9546 
9547 
9548 
9549 
9550 
9551 
9552 
9553 
9554 
9555 
9556 
9557 
9558 
9559 
9560 
9561 
9562 
9563 
9564 
9565 
9566 
9567 
9568 
9569 
9570 
9571 
9572 
9573 
9574 
9575 
9576 
9577 
9578 
9579 
9580 
9581 
9582 
9583 
9584 
9585 
9586 
9587 
9588 
9589 
9590 
9591 
9592 
9593 
9594 
9595 
9596 
9597 
9598 
9599 
9900 
9901 
9902 
9903 
9904 
9905 
9906 
9907 
9908 
9909 
9910 
9911 
9912 
9913 
9914 
9915 
9916 
9917 
9918 
9919 
9920 
9921 
9922 
9923 
9924 
9925 
9926 
9927 
9928 
9929 
9930 
9931 
9932 
9933 
9934 
9935 
9936 
9937 
9938 
9939 
9940 
9941 
9942 
9943 
9944 
9945 
9946 
9947 
9948 
9949 
9950 
9951 
9952 
9953 
9954 
9955 
9956 
9957 
9958 
9959 
9960 
9961 
9962 
9963 
9964 
9965 
9966 
9967 
9968 
9969 
9970 
9971 
9972 
9973 
9974 
9975 
9976 
9977 
9978 
9979 
9980 
9981 
9982 
9983 
9984 
9985 
9986 
9987 
9988 
9989 
9990 
9991 
9992 
9993 
9994 
9995 
9996 
9997 
9998 
9999 
10000 
10001 
10002 
10003 
10004 
10005 
10006 
10007 
10008 
10009 
10010 
10011 
10012 
10013 
10014 
10015 
10016 
10017 
10018 
10019 
10020 
10021 
10022 
10023 
10024 
10025 
10026 
10027 
10028 
10029 
10030 
10031 
10032 
10033 
10034 
10035 
10036 
10037 
10038 
10039 
10040 
10041 
10042 
10043 
10044 
10045 
10046 
10047 
10048 
10049 
10050 
10051 
10052 
10053 
10054 
10055 
10056 
10057 
10058 
10059 
10060 
10061 
10062 
10063 
10064 
10065 
10066 
10067 
10068 
10069 
10070 
10071 
10072 
10073 
10074 
10075 
10076 
10077 
10078 
10079 
10080 
10081 
10082 
10083 
10084 
10085 
10086 
10087 
10088 
10089 
10090 
10091 
10092 
10093 
10094 
10095 
10096 
10097 
10098 
10099 
10300 
10301 
10302 
10303 
10304 
10305 
10306 
10307 
10308 
10309 
10310 
10311 
10312 
10313 
10314 
10315 
10316 
10317 
10318 
10319 
10320 
10321 
10322 
10323 
10324 
10325 
10326 
10327 
10328 
10329 
10330 
10331 
10332 
10333 
10334 
10335 
10336 
10337 
10338 
10339 
10340 
10341 
10342 
10343 
10344 
10345 
10346 
10347 
10348 
10349 
10350 
10351 
10352 
10353 
10354 
10355 
10356 
10357 
10358 
10359 
10360 
10361 
10362 
10363 
10364 
10365 
10366 
10367 
10368 
10369 
10370 
10371 
10372 
10373 
10374 
10375 
10376 
10377 
10378 
10379 
10380 
10381 
10382 
10383 
10384 
10385 
10386 
10387 
10388 
10389 
10390 
10391 
10392 
10393 
10394 
10395 
10396 
10397 
10398 
10399 
10400 
10401 
10402 
10403 
10404 
10405 
10406 
10407 
10408 
10409 
10410 
10411 
10412 
10413 
10414 
10415 
10416 
10417 
10418 
10419 
10420 
10421 
10422 
10423 
10424 
10425 
10426 
10427 
10428 
10429 
10430 
10431 
10432 
10433 
10434 
10435 
10436 
10437 
10438 
10439 
10440 
10441 
10442 
10443 
10444 
10445 
10446 
10447 
10448 
10449 
10450 
10451 
10452 
10453 
10454 
10455 
10456 
10457 
10458 
10459 
10460 
10461 
10462 
10463 
10464 
10465 
10466 
10467 
10468 
10469 
10470 
10471 
10472 
10473 
10474 
10475 
10476 
10477 
10478 
10479 
10480 
10481 
10482 
10483 
10484 
10485 
10486 
10487 
10488 
10489 
10490 
10491 
10492 
10493 
10494 
10495 
10496 
10497 
10498 
10499 
10800 
10801 
10802 
10803 
10804 
10805 
10806 
10807 
10808 
10809 
10810 
10811 
10812 
10813 
10814 
10815 
10816 
10817 
10818 
10819 
10820 
10821 
10822 
10823 
10824 
10825 
10826 
10827 
10828 
10829 
10830 
10831 
10832 
10833 
10834 
10835 
10836 
10837 
10838 
10839 
10840 
10841 
10842 
10843 
10844 
10845 
10846 
10847 
10848 
10849 
10850 
10851 
10852 
10853 
10854 
10855 
10856 
10857 
10858 
10859 
10860 
10861 
10862 
10863 
10864 
10865 
10866 
10867 
10868 
10869 
10870 
10871 
10872 
10873 
10874 
10875 
10876 
10877 
10878 
10879 
10880 
10881 
10882 
10883 
10884 
10885 
10886 
10887 
10888 
10889 
10890 
10891 
10892 
10893 
10894 
10895 
10896 
10897 
10898 
10899 
10900 
10901 
10902 
10903 
10904 
10905 
10906 
10907 
10908 
10909 
10910 
10911 
10912 
10913 
10914 
10915 
10916 
10917 
10918 
10919 
10920 
10921 
10922 
10923 
10924 
10925 
10926 
10927 
10928 
10929 
10930 
10931 
10932 
10933 
10934 
10935 
10936 
10937 
10938 
10939 
10940 
10941 
10942 
10943 
10944 
10945 
10946 
10947 
10948 
10949 
10950 
10951 
10952 
10953 
10954 
10955 
10956 
10957 
10958 
10959 
10960 
10961 
10962 
10963 
10964 
10965 
10966 
10967 
10968 
10969 
10970 
10971 
10972 
10973 
10974 
10975 
10976 
10977 
10978 
10979 
10980 
10981 
10982 
10983 
10984 
10985 
10986 
10987 
10988 
10989 
10990 
10991 
10992 
10993 
10994 
10995 
10996 
10997 
10998 
10999 
11400 
11401 
11402 
11403 
11404 
11405 
11406 
11407 
11408 
11409 
11410 
11411 
11412 
11413 
11414 
11415 
11416 
11417 
11418 
11419 
11420 
11421 
11422 
11423 
11424 
11425 
11426 
11427 
11428 
11429 
11430 
11431 
11432 
11433 
11434 
11435 
11436 
11437 
11438 
11439 
11440 
11441 
11442 
11443 
11444 
11445 
11446 
11447 
11448 
11449 
11450 
11451 
11452 
11453 
11454 
11455 
11456 
11457 
11458 
11459 
11460 
11461 
11462 
11463 
11464 
11465 
11466 
11467 
11468 
11469 
11470 
11471 
11472 
11473 
11474 
11475 
11476 
11477 
11478 
11479 
11480 
11481 
11482 
11483 
11484 
11485 
11486 
11487 
11488 
11489 
11490 
11491 
11492 
11493 
11494 
11495 
11496 
11497 
11498 
11499 
11500 
11501 
11502 
11503 
11504 
11505 
11506 
11507 
11508 
11509 
11510 
11511 
11512 
11513 
11514 
11515 
11516 
11517 
11518 
11519 
11520 
11521 
11522 
11523 
11524 
11525 
11526 
11527 
11528 
11529 
11530 
11531 
11532 
11533 
11534 
11535 
11536 
11537 
11538 
11539 
11540 
11541 
11542 
11543 
11544 
11545 
11546 
11547 
11548 
11549 
11550 
11551 
11552 
11553 
11554 
11555 
11556 
11557 
11558 
11559 
11560 
11561 
11562 
11563 
11564 
11565 
11566 
11567 
11568 
11569 
11570 
11571 
11572 
11573 
11574 
11575 
11576 
11577 
11578 
11579 
11580 
11581 
11582 
11583 
11584 
11585 
11586 
11587 
11588 
11589 
11590 
11591 
11592 
11593 
11594 
11595 
11596 
11597 
11598 
11599 
11900 
11901 
11902 
11903 
11904 
11905 
11906 
11907 
11908 
11909 
11910 
11911 
11912 
11913 
11914 
11915 
11916 
11917 
11918 
11919 
11920 
11921 
11922 
11923 
11924 
11925 
11926 
11927 
11928 
11929 
11930 
11931 
11932 
11933 
11934 
11935 
11936 
11937 
11938 
11939 
11940 
11941 
11942 
11943 
11944 
11945 
11946 
11947 
11948 
11949 
11950 
11951 
11952 
11953 
11954 
11955 
11956 
11957 
11958 
11959 
11960 
11961 
11962 
11963 
11964 
11965 
11966 
11967 
11968 
11969 
11970 
11971 
11972 
11973 
11974 
11975 
11976 
11977 
11978 
11979 
11980 
11981 
11982 
11983 
11984 
11985 
11986 
11987 
11988 
11989 
11990 
11991 
11992 
11993 
11994 
11995 
11996 
11997 
11998 
11999 
12000 
12001 
12002 
12003 
12004 
12005 
12006 
12007 
12008 
12009 
12010 
12011 
12012 
12013 
12014 
12015 
12016 
12017 
12018 
12019 
12020 
12021 
12022 
12023 
12024 
12025 
12026 
12027 
12028 
12029 
12030 
12031 
12032 
12033 
12034 
12035 
12036 
12037 
12038 
12039 
12040 
12041 
12042 
12043 
12044 
12045 
12046 
12047 
12048 
12049 
12050 
12051 
12052 
12053 
12054 
12055 
12056 
12057 
12058 
12059 
12060 
12061 
12062 
12063 
12064 
12065 
12066 
12067 
12068 
12069 
12070 
12071 
12072 
12073 
12074 
12075 
12076 
12077 
12078 
12079 
12080 
12081 
12082 
12083 
12084 
12085 
12086 
12087 
12088 
12089 
12090 
12091 
12092 
12093 
12094 
12095 
12096 
12097 
12098 
12099 
12300 
12301 
12302 
12303 
12304 
12305 
12306 
12307 
12308 
12309 
12310 
12311 
12312 
12313 
12314 
12315 
12316 
12317 
12318 
12319 
12320 
12321 
12322 
12323 
12324 
12325 
12326 
12327 
12328 
12329 
12330 
12331 
12332 
12333 
12334 
12335 
12336 
12337 
12338 
12339 
12340 
12341 
12342 
12343 
12344 
12345 
12346 
12347 
12348 
12349 
12350 
12351 
12352 
12353 
12354 
12355 
12356 
12357 
12358 
12359 
12360 
12361 
12362 
12363 
12364 
12365 
12366 
12367 
12368 
12369 
12370 
12371 
12372 
12373 
12374 
12375 
12376 
12377 
12378 
12379 
12380 
12381 
12382 
12383 
12384 
12385 
12386 
12387 
12388 
12389 
12390 
12391 
12392 
12393 
12394 
12395 
12396 
12397 
12398 
12399 
12400 
12401 
12402 
12403 
12404 
12405 
12406 
12407 
12408 
12409 
12410 
12411 
12412 
12413 
12414 
12415 
12416 
12417 
12418 
12419 
12420 
12421 
12422 
12423 
12424 
12425 
12426 
12427 
12428 
12429 
12430 
12431 
12432 
12433 
12434 
12435 
12436 
12437 
12438 
12439 
12440 
12441 
12442 
12443 
12444 
12445 
12446 
12447 
12448 
12449 
12450 
12451 
12452 
12453 
12454 
12455 
12456 
12457 
12458 
12459 
12460 
12461 
12462 
12463 
12464 
12465 
12466 
12467 
12468 
12469 
12470 
12471 
12472 
12473 
12474 
12475 
12476 
12477 
12478 
12479 
12480 
12481 
12482 
12483 
12484 
12485 
12486 
12487 
12488 
12489 
12490 
12491 
12492 
12493 
12494 
12495 
12496 
12497 
12498 
12499 
12800 
12801 
12802 
12803 
12804 
12805 
12806 
12807 
12808 
12809 
12810 
12811 
12812 
12813 
12814 
12815 
12816 
12817 
12818 
12819 
12820 
12821 
12822 
12823 
12824 
12825 
12826 
12827 
12828 
12829 
12830 
12831 
12832 
12833 
12834 
12835 
12836 
12837 
12838 
12839 
12840 
12841 
12842 
12843 
12844 
12845 
12846 
12847 
12848 
12849 
12850 
12851 
12852 
12853 
12854 
12855 
12856 
12857 
12858 
12859 
12860 
12861 
12862 
12863 
12864 
12865 
12866 
12867 
12868 
12869 
12870 
12871 
12872 
12873 
12874 
12875 
12876 
12877 
12878 
12879 
12880 
12881 
12882 
12883 
12884 
12885 
12886 
12887 
12888 
12889 
12890 
12891 
12892 
12893 
12894 
12895 
12896 
12897 
12898 
12899 
12900 
12901 
12902 
12903 
12904 
12905 
12906 
12907 
12908 
12909 
12910 
12911 
12912 
12913 
12914 
12915 
12916 
12917 
12918 
12919 
12920 
12921 
12922 
12923 
12924 
12925 
12926 
12927 
12928 
12929 
12930 
12931 
12932 
12933 
12934 
12935 
12936 
12937 
12938 
12939 
12940 
12941 
12942 
12943 
12944 
12945 
12946 
12947 
12948 
12949 
12950 
12951 
12952 
12953 
12954 
12955 
12956 
12957 
12958 
12959 
12960 
12961 
12962 
12963 
12964 
12965 
12966 
12967 
12968 
12969 
12970 
12971 
12972 
12973 
12974 
12975 
12976 
12977 
12978 
12979 
12980 
12981 
12982 
12983 
12984 
12985 
12986 
12987 
12988 
12989 
12990 
12991 
12992 
12993 
12994 
12995 
12996 
12997 
12998 
12999 
13400 
13401 
13402 
13403 
13404 
13405 
13406 
13407 
13408 
13409 
13410 
13411 
13412 
13413 
13414 
13415 
13416 
13417 
13418 
13419 
13420 
13421 
13422 
13423 
13424 
13425 
13426 
13427 
13428 
13429 
13430 
13431 
13432 
13433 
13434 
13435 
13436 
13437 
13438 
13439 
13440 
13441 
13442 
13443 
13444 
13445 
13446 
13447 
13448 
13449 
13450 
13451 
13452 
13453 
13454 
13455 
13456 
13457 
13458 
13459 
13460 
13461 
13462 
13463 
13464 
13465 
13466 
13467 
13468 
13469 
13470 
13471 
13472 
13473 
13474 
13475 
13476 
13477 
13478 
13479 
13480 
13481 
13482 
13483 
13484 
13485 
13486 
13487 
13488 
13489 
13490 
13491 
13492 
13493 
13494 
13495 
13496 
13497 
13498 
13499 
13500 
13501 
13502 
13503 
13504 
13505 
13506 
13507 
13508 
13509 
13510 
13511 
13512 
13513 
13514 
13515 
13516 
13517 
13518 
13519 
13520 
13521 
13522 
13523 
13524 
13525 
13526 
13527 
13528 
13529 
13530 
13531 
13532 
13533 
13534 
13535 
13536 
13537 
13538 
13539 
13540 
13541 
13542 
13543 
13544 
13545 
13546 
13547 
13548 
13549 
13550 
13551 
13552 
13553 
13554 
13555 
13556 
13557 
13558 
13559 
13560 
13561 
13562 
13563 
13564 
13565 
13566 
13567 
13568 
13569 
13570 
13571 
13572 
13573 
13574 
13575 
13576 
13577 
13578 
13579 
13580 
13581 
13582 
13583 
13584 
13585 
13586 
13587 
13588 
13589 
13590 
13591 
13592 
13593 
13594 
13595 
13596 
13597 
13598 
13599 
13900 
13901 
13902 
13903 
13904 
13905 
13906 
13907 
13908 
13909 
13910 
13911 
13912 
13913 
13914 
13915 
13916 
13917 
13918 
13919 
13920 
13921 
13922 
13923 
13924 
13925 
13926 
13927 
13928 
13929 
13930 
13931 
13932 
13933 
13934 
13935 
13936 
13937 
13938 
13939 
13940 
13941 
13942 
13943 
13944 
13945 
13946 
13947 
13948 
13949 
13950 
13951 
13952 
13953 
13954 
13955 
13956 
13957 
13958 
13959 
13960 
13961 
13962 
13963 
13964 
13965 
13966 
13967 
13968 
13969 
13970 
13971 
13972 
13973 
13974 
13975 
13976 
13977 
13978 
13979 
13980 
13981 
13982 
13983 
13984 
13985 
13986 
13987 
13988 
13989 
13990 
13991 
13992 
13993 
13994 
13995 
13996 
13997 
13998 
13999 
14000 
14001 
14002 
14003 
14004 
14005 
14006 
14007 
14008 
14009 
14010 
14011 
14012 
14013 
14014 
14015 
14016 
14017 
14018 
14019 
14020 
14021 
14022 
14023 
14024 
14025 
14026 
14027 
14028 
14029 
14030 
14031 
14032 
14033 
14034 
14035 
14036 
14037 
14038 
14039 
14040 
14041 
14042 
14043 
14044 
14045 
14046 
14047 
14048 
14049 
14050 
14051 
14052 
14053 
14054 
14055 
14056 
14057 
14058 
14059 
14060 
14061 
14062 
14063 
14064 
14065 
14066 
14067 
14068 
14069 
14070 
14071 
14072 
14073 
14074 
14075 
14076 
14077 
14078 
14079 
14080 
14081 
14082 
14083 
14084 
14085 
14086 
14087 
14088 
14089 
14090 
14091 
14092 
14093 
14094 
14095 
14096 
14097 
14098 
14099 
)

// ************************************************************************* //
